%YAML:1.0
---
F: !!opencv-matrix
   rows: 3
   cols: 3
   dt: d
   data: [1576.70020,  0.000000000000,  635.46084,  0.000000000000,  1575.77707,  529.83878,  0.000000000000,  0.000000000000,  1.000000000000] 
  #745.2902   428.6153
C: !!opencv-matrix
   rows: 1
   cols: 5
   dt: d
   data: [-0.08325,  0.21277,  0.00022,  0.00033,  0] #[ -0.4235, -0.0311, 0.0017, -0.0019, 0]
